0.188599073254
0.00313776523213
0.00306294193492
0.00309357135427
0.00282232050413
0.00282232050413
0.00282232050413
0.00282232050413
0.00282232050413
0.00281808586534
0.00281808586534
0.00281808586534
0.00281808586534
0.00281808586534
0.00281808586534
0.00281808586534
0.00281382701841
0.00281382701841
0.00281382701841
0.00281382701841
0.00281382701841
0.00281382701841
0.00281115211681
0.00298565448351
0.00281115211681
0.00281115211681
0.00281115211681
0.00281115211681
0.00281115211681
0.00281392897965
0.202787456446
0.202787456446
0.202787456446
0.202787456446
0.202787456446
0.202787456446
0.00289117882127
0.00289117882127
0.00289117882127
0.00289117882127
0.00289117882127
0.00281778260415
0.00281778260415
0.00281778260415
0.00281778260415
0.00281778260415
0.00281778260415
0.00280804716682
0.00280804716682
0.00280804716682
0.00280804716682
0.00280804716682
0.00280804716682
0.00280804716682
0.00280804716682
0.00280804716682
0.00280804716682
0.00280804716682
0.00280804716682
0.00281096405588
0.00281096405588
0.00281096405588
0.00281096405588
0.00281096405588
0.00280825629387
0.00280825629387
0.00280825629387
0.00280825629387
0.00280825629387
0.00303261577676
0.198637167224
0.0139114028873
0.251090263905
0.202787456446
0.202787456446
0.00284462788886
0.00359407529783
0.00283537744996
0.00283537744996
0.00283537744996
0.00283537744996
0.00283537744996
0.00282509253929
0.00282509253929
0.00282509253929
0.00282509253929
0.00282509253929
0.00282509253929
0.00319906786668
0.00303261577676
0.00296195881269
0.00291197866915
0.00323670395816
0.00317262928782
0.00303261577569
0.00298565448289
0.0029384512025
0.00291197866915
0.0145211321772
0.0028372518915
0.202787456446
0.0028372518915
0.0028372518915
0.0028372518915
0.0028372518915
0.00281389502339
0.00281389502339
0.00281389502339
0.00281389502339
0.00281389502339
0.00281389502339
0.00281389502339
0.00281389502339
0.00281389502339
0.00281389502339
0.00281389502339
0.00281389502339
0.00285857214321
0.0852871606264
0.0745011366896
0.00400989515778
0.202787456446
0.202787456446
0.202787456446
0.202787456446
0.202787456446
0.202787456446
0.202787456446
0.202787456446
0.202787456446
0.202787456446
0.202787456446
0.202787456446
0.202787456446
0.202787456446
0.202787456446
0.202787456446
0.202787456446
0.202787456446
0.202787456446
0.00294499606211
0.202787456446
0.202787456446
0.202787456446
0.202787456446
0.202787456446
0.202787456446
0.202787456446
0.00578824591833
0.202787456446
0.00286174894568
0.202787456446
0.00286174894568
0.00286174894568
0.202787456446
0.00286174894568
0.202787456446
0.00286174894568
0.00286174894568
0.00286174894568
0.202787456446
0.00566304524843
0.202787456446
0.202787456446
0.202787456446
0.202787456446
0.0254128876375
0.00284434331224
0.0852871606119
0.202787456446
0.00391515373523
0.202787456446
0.202787456446
0.202787456446
0.202787456446
0.202787456446
0.202787456446
0.202787456446
0.0031474019802
0.00309822382212
0.202787456446
0.00334915725758
0.00334915725381
0.00334915725142
0.0844641398283
0.00334915724992
0.00345439505475
0.202787456446
0.202787456446
0.00286930807408
0.00286930807408
0.00286930807408
0.00368332319546
0.00368332319394
0.00368332319228
0.0442408144806
0.00368332319144
0.00289269425149
0.0036833231908
0.00295141690737
0.0865196096452
0.00670372975019
0.00831802343997
0.00353980087769
0.00594578553445
0.00326361600781
0.00304604160587
0.00304604160587
0.00304604160587
0.00905047969062
0.00326361598053
0.0719144368426
0.00668632409666
0.00676061658662
0.198403236945
0.00606411010068
0.147449412102
0.00294085372311
0.00294085372311
0.00309822382212
0.00766986376661
0.00330477207514
0.00294085372133
0.00294085372133
0.00294085372133
0.00330477207514
0.00606556466625
0.0800362103385
0.00730976625525
0.00730976625515
0.202787456446
0.00730976625509
0.00593077433357
0.202787456446
0.198403236806
0.0433449477352
0.202787456446
0.0127008823076
0.00289329713189
0.00283567806486
0.00283567806486
0.202787456446
0.00289329713189
0.00289329713189
0.00663189957754
0.202787456446
0.00455082563248
0.00287019873022
0.00287019873022
0.202787456446
0.00455082563248
0.202787456446
0.00945237694362
0.112769728672
0.0867238026162
0.00350992020898
0.198403236759
0.0867238026038
0.0867238026029
0.0867238026021
0.086695651494
0.0867238026009
0.00871537211096
0.00285717942288
0.00283507610304
0.00283507610304
0.00285717942288
0.00285717942288
0.00285717942288
0.00733262229114
0.00350992020844
0.00350992020844
0.0864148578761
0.023170854307
0.00350992020844
0.202787456446
0.202787456446
0.202787456446
0.112769728653
0.00348432056641
0.00348432056406
0.00348432056233
0.00348432056106
0.00348432056012
0.00348432055943
0.00348432055892
0.00348432055854
